                 160             8.00000
                   0        0.0000000000
                   1        0.0500000000
                   2        0.1000000000
                   3        0.1500000000
                   4        0.2000000000
                   5        0.2500000000
                   6        0.3000000000
                   7        0.3500000000
                   8        0.4000000000
                   9        0.4500000000
                  10        0.5000000000
                  11        0.5500000000
                  12        0.6000000000
                  13        0.6500000000
                  14        0.7000000000
                  15        0.7500000000
                  16        0.8000000000
                  17        0.8500000000
                  18        0.9000000000
                  19        0.9500000000
                  20        1.0000000000
                  21        1.0500000000
                  22        1.1000000000
                  23        1.1500000000
                  24        1.2000000000
                  25        1.2500000000
                  26        1.3000000000
                  27        1.3500000000
                  28        1.4000000000
                  29        1.4500000000
                  30        1.5000000000
                  31        1.5500000000
                  32        1.6000000000
                  33        1.6500000000
                  34        1.7000000000
                  35        1.7500000000
                  36        1.8000000000
                  37        1.8500000000
                  38        1.9000000000
                  39        1.9500000000
                  40        2.0000000000
                  41        2.0500000000
                  42        2.1000000000
                  43        2.1500000000
                  44        2.2000000000
                  45        2.2500000000
                  46        2.3000000000
                  47        2.3500000000
                  48        2.4000000000
                  49        2.4500000000
                  50        2.5000000000
                  51        2.5500000000
                  52        2.6000000000
                  53        2.6500000000
                  54        2.7000000000
                  55        2.7500000000
                  56        2.8000000000
                  57        2.8500000000
                  58        2.9000000000
                  59        2.9500000000
                  60        3.0000000000
                  61        3.0500000000
                  62        3.1000000000
                  63        3.1500000000
                  64        3.2000000000
                  65        3.2500000000
                  66        3.3000000000
                  67        3.3500000000
                  68        3.4000000000
                  69        3.4500000000
                  70        3.5000000000
                  71        3.5500000000
                  72        3.6000000000
                  73        3.6500000000
                  74        3.7000000000
                  75        3.7500000000
                  76        3.8000000000
                  77        3.8500000000
                  78        3.9000000000
                  79        3.9500000000
                  80        4.0000000000
                  81        4.0500000000
                  82        4.1000000000
                  83        4.1500000000
                  84        4.2000000000
                  85        4.2500000000
                  86        4.3000000000
                  87        4.3500000000
                  88        4.4000000000
                  89        4.4500000000
                  90        4.5000000000
                  91        4.5500000000
                  92        4.6000000000
                  93        4.6500000000
                  94        4.7000000000
                  95        4.7500000000
                  96        4.8000000000
                  97        4.8500000000
                  98        4.9000000000
                  99        4.9500000000
                 100        5.0000000000
                 101        5.0500000000
                 102        5.1000000000
                 103        5.1500000000
                 104        5.2000000000
                 105        5.2500000000
                 106        5.3000000000
                 107        5.3500000000
                 108        5.4000000000
                 109        5.4500000000
                 110        5.5000000000
                 111        5.5500000000
                 112        5.6000000000
                 113        5.6500000000
                 114        5.7000000000
                 115        5.7500000000
                 116        5.8000000000
                 117        5.8500000000
                 118        5.9000000000
                 119        5.9500000000
                 120        6.0000000000
                 121        6.0500000000
                 122        6.1000000000
                 123        6.1500000000
                 124        6.2000000000
                 125        6.2500000000
                 126        6.3000000000
                 127        6.3500000000
                 128        6.4000000000
                 129        6.4500000000
                 130        6.5000000000
                 131        6.5500000000
                 132        6.6000000000
                 133        6.6500000000
                 134        6.7000000000
                 135        6.7500000000
                 136        6.8000000000
                 137        6.8500000000
                 138        6.9000000000
                 139        6.9500000000
                 140        7.0000000000
                 141        7.0500000000
                 142        7.1000000000
                 143        7.1500000000
                 144        7.2000000000
                 145        7.2500000000
                 146        7.3000000000
                 147        7.3500000000
                 148        7.4000000000
                 149        7.4500000000
                 150        7.5000000000
                 151        7.5500000000
                 152        7.6000000000
                 153        7.6500000000
                 154        7.7000000000
                 155        7.7500000000
                 156        7.8000000000
                 157        7.8500000000
                 158        7.9000000000
                 159        7.9500000000
